47.451
0
0
0
0
0
0
0
0
0
0
0
0
0
14.411
0
0
0
0
0
0
2.222
5.398
0.44
3.544
0
0
0
0
18.759
0
0.005
0.194
6.782
3.444
1.886
0
0
0
0
0
3.354
0.009
0
0
0
0
0
7.223
7.223
0
0
0
10.928
0
0
0
14.878
14.878
0
0
0
0
0
0
0
0
0
0
0
0
0
0
0
0
0
16.113
16.549
0
0.293
4.785
0
0
0
0
0
0
0
0
39.777
0
0
0
0
0
26.259
0
0
0
0
0
0
0
0
0
0
0
0
0
6.476
0
0
0
0
0
0
10.128
0
30.285
0
0
0
0
0
10.44
0
0
0
0
8.88
8.88
0
0
0
0
0
0
0
0
0.679
1.878
0
0
0
0
0
0
0
0
0
0
0
26.172
0
0
0
0
0
0
0
0
0
0
0
5.114
0
0
5.114
0
0
8.976
26.929
0
11.354
0
0
0
0
8.492
2.133
7.042
15.185
10.491
0.002
